{
 "cells": [
  {
   "cell_type": "code",
   "execution_count": 105,
   "id": "0caa51bc",
   "metadata": {
    "ExecuteTime": {
     "end_time": "2021-11-08T14:24:53.382937Z",
     "start_time": "2021-11-08T14:24:53.372781Z"
    }
   },
   "outputs": [],
   "source": [
    "import math\n"
   ]
  },
  {
   "cell_type": "code",
   "execution_count": 88,
   "id": "ee44e404",
   "metadata": {
    "ExecuteTime": {
     "end_time": "2021-11-08T14:12:45.346240Z",
     "start_time": "2021-11-08T14:12:45.337227Z"
    }
   },
   "outputs": [],
   "source": [
    "f = open(\"bayg29.tsp\", \"r\")\n",
    "txt = f.readlines()"
   ]
  },
  {
   "cell_type": "code",
   "execution_count": 71,
   "id": "6c9fed2d",
   "metadata": {
    "ExecuteTime": {
     "end_time": "2021-11-08T14:05:00.560826Z",
     "start_time": "2021-11-08T14:05:00.540615Z"
    }
   },
   "outputs": [],
   "source": [
    "dic_city_length = {}\n",
    "current_node = 0\n",
    "dimension = 29\n",
    "for i in range(8,36):\n",
    "    current_node += 1\n",
    "    list_weitght = [float(idx) for idx in txt[i].split()]\n",
    "    for j in range(len(list_weitght)):\n",
    "        dic_city_length[current_node, j + current_node + 1] = list_weitght[j]\n",
    "        dic_city_length[j + current_node + 1, current_node] = list_weitght[j]"
   ]
  },
  {
   "cell_type": "code",
   "execution_count": 127,
   "id": "1904fe8c",
   "metadata": {
    "ExecuteTime": {
     "end_time": "2021-11-08T14:39:22.197019Z",
     "start_time": "2021-11-08T14:39:22.179092Z"
    }
   },
   "outputs": [],
   "source": [
    "f = open(\"gr229.tsp\", \"r\")\n",
    "txt = f.readlines()"
   ]
  },
  {
   "cell_type": "code",
   "execution_count": 128,
   "id": "4f10d2c9",
   "metadata": {
    "ExecuteTime": {
     "end_time": "2021-11-08T14:39:22.652391Z",
     "start_time": "2021-11-08T14:39:22.452693Z"
    }
   },
   "outputs": [],
   "source": [
    "dic_city_location = {}\n",
    "dic_city_length = {}\n",
    "for i in range(len(txt)):\n",
    "    if 'DIMENSION' in txt[i]:\n",
    "        dimension = [int(s) for s in txt[i].split() if s.isdigit()][0]\n",
    "    if 'NODE_COORD_SECTION' in txt[i]:\n",
    "        for j in range(i + 1, i + 1 + dimension):\n",
    "            city_location = [float(idx) for idx in txt[j].split()]\n",
    "            dic_city_location[city_location[0]] = city_location[1], city_location[2]\n",
    "for i in range(1, len(dic_city_location)):\n",
    "    for j in range(1, len(dic_city_location)):\n",
    "        if(j >= i):\n",
    "            dic_city_length[i, j + 1] = math.sqrt(pow((dic_city_location[i][0] - dic_city_location[j + 1][0]), 2) + pow((dic_city_location[i][1] - dic_city_location[j + 1][1]), 2))\n",
    "            dic_city_length[j + 1, i] = math.sqrt(pow((dic_city_location[i][0] - dic_city_location[j + 1][0]), 2) + pow((dic_city_location[i][1] - dic_city_location[j + 1][1]), 2))"
   ]
  },
  {
   "cell_type": "code",
   "execution_count": 129,
   "id": "d89ecdda",
   "metadata": {
    "ExecuteTime": {
     "end_time": "2021-11-08T14:39:22.886765Z",
     "start_time": "2021-11-08T14:39:22.857627Z"
    }
   },
   "outputs": [
    {
     "data": {
      "text/plain": [
       "{1.0: (68.58, 33.05),\n",
       " 2.0: (64.34, 40.32),\n",
       " 3.0: (59.55, 30.15),\n",
       " 4.0: (59.25, 24.45),\n",
       " 5.0: (56.57, 24.06),\n",
       " 6.0: (54.43, 20.3),\n",
       " 7.0: (54.41, 25.19),\n",
       " 8.0: (53.54, 27.34),\n",
       " 9.0: (49.5, 24.0),\n",
       " 10.0: (50.26, 30.31),\n",
       " 11.0: (46.28, 30.44),\n",
       " 12.0: (55.45, 37.35),\n",
       " 13.0: (56.2, 44.0),\n",
       " 14.0: (55.45, 49.08),\n",
       " 15.0: (53.12, 50.09),\n",
       " 16.0: (51.4, 39.1),\n",
       " 17.0: (50.0, 36.15),\n",
       " 18.0: (48.27, 34.59),\n",
       " 19.0: (44.36, 33.32),\n",
       " 20.0: (47.14, 39.42),\n",
       " 21.0: (48.44, 44.25),\n",
       " 22.0: (46.21, 48.03),\n",
       " 23.0: (41.43, 44.49),\n",
       " 24.0: (40.11, 44.3),\n",
       " 25.0: (40.23, 49.51),\n",
       " 26.0: (58.0, 56.15),\n",
       " 27.0: (56.51, 60.36),\n",
       " 28.0: (67.27, 63.58),\n",
       " 29.0: (69.2, 88.06),\n",
       " 30.0: (55.0, 73.24),\n",
       " 31.0: (55.02, 82.55),\n",
       " 32.0: (56.01, 92.5),\n",
       " 33.0: (49.5, 73.1),\n",
       " 34.0: (43.15, 76.57),\n",
       " 35.0: (41.2, 69.18),\n",
       " 36.0: (39.4, 66.48),\n",
       " 37.0: (38.35, 68.48),\n",
       " 38.0: (43.48, 87.35),\n",
       " 39.0: (52.16, 104.2),\n",
       " 40.0: (47.55, 106.53),\n",
       " 41.0: (52.03, 113.3),\n",
       " 42.0: (62.13, 129.49),\n",
       " 43.0: (64.45, 177.29),\n",
       " 44.0: (53.01, 158.39),\n",
       " 45.0: (59.34, 150.48),\n",
       " 46.0: (50.17, 127.32),\n",
       " 47.0: (50.35, 137.02),\n",
       " 48.0: (48.27, 135.06),\n",
       " 49.0: (46.58, 142.42),\n",
       " 50.0: (43.1, 131.56),\n",
       " 51.0: (41.01, 28.58),\n",
       " 52.0: (38.25, 27.09),\n",
       " 53.0: (39.56, 32.52),\n",
       " 54.0: (38.43, 35.3),\n",
       " 55.0: (39.45, 37.02),\n",
       " 56.0: (39.55, 41.17),\n",
       " 57.0: (37.55, 40.14),\n",
       " 58.0: (37.01, 35.18),\n",
       " 59.0: (36.12, 37.1),\n",
       " 60.0: (34.44, 36.43),\n",
       " 61.0: (33.3, 36.18),\n",
       " 62.0: (33.53, 35.3),\n",
       " 63.0: (31.57, 35.56),\n",
       " 64.0: (32.5, 35.0),\n",
       " 65.0: (32.04, 34.46),\n",
       " 66.0: (31.46, 35.14),\n",
       " 67.0: (24.28, 39.36),\n",
       " 68.0: (21.3, 39.12),\n",
       " 69.0: (21.27, 39.49),\n",
       " 70.0: (15.23, 44.12),\n",
       " 71.0: (14.48, 42.57),\n",
       " 72.0: (12.45, 45.12),\n",
       " 73.0: (14.32, 49.08),\n",
       " 74.0: (23.37, 58.35),\n",
       " 75.0: (25.18, 55.18),\n",
       " 76.0: (25.17, 51.32),\n",
       " 77.0: (26.13, 50.35),\n",
       " 78.0: (24.38, 46.43),\n",
       " 79.0: (29.2, 47.59),\n",
       " 80.0: (30.3, 47.47),\n",
       " 81.0: (33.21, 44.25),\n",
       " 82.0: (35.28, 44.28),\n",
       " 83.0: (36.2, 43.08),\n",
       " 84.0: (38.05, 46.18),\n",
       " 85.0: (37.16, 49.36),\n",
       " 86.0: (35.4, 51.26),\n",
       " 87.0: (34.19, 47.04),\n",
       " 88.0: (30.2, 48.16),\n",
       " 89.0: (32.4, 51.38),\n",
       " 90.0: (29.36, 52.32),\n",
       " 91.0: (30.17, 57.05),\n",
       " 92.0: (36.18, 59.36),\n",
       " 93.0: (34.2, 62.12),\n",
       " 94.0: (31.32, 65.3),\n",
       " 95.0: (34.31, 69.12),\n",
       " 96.0: (33.36, 73.04),\n",
       " 97.0: (31.35, 74.18),\n",
       " 98.0: (31.25, 73.05),\n",
       " 99.0: (30.11, 71.29),\n",
       " 100.0: (30.12, 67.0),\n",
       " 101.0: (27.42, 68.52),\n",
       " 102.0: (25.22, 68.22),\n",
       " 103.0: (24.52, 67.03),\n",
       " 104.0: (30.19, 78.02),\n",
       " 105.0: (28.4, 77.13),\n",
       " 106.0: (26.17, 73.02),\n",
       " 107.0: (26.55, 75.49),\n",
       " 108.0: (26.28, 80.21),\n",
       " 109.0: (25.2, 83.0),\n",
       " 110.0: (25.36, 85.07),\n",
       " 111.0: (22.32, 88.22),\n",
       " 112.0: (23.02, 72.37),\n",
       " 113.0: (21.09, 79.06),\n",
       " 114.0: (20.3, 85.5),\n",
       " 115.0: (18.58, 72.5),\n",
       " 116.0: (17.23, 78.29),\n",
       " 117.0: (17.42, 83.18),\n",
       " 118.0: (15.21, 75.1),\n",
       " 119.0: (12.59, 77.35),\n",
       " 120.0: (13.05, 80.17),\n",
       " 121.0: (10.49, 78.41),\n",
       " 122.0: (9.56, 78.07),\n",
       " 123.0: (6.56, 79.51),\n",
       " 124.0: (27.43, 85.19),\n",
       " 125.0: (27.28, 89.39),\n",
       " 126.0: (23.43, 90.25),\n",
       " 127.0: (22.2, 91.5),\n",
       " 128.0: (22.0, 96.05),\n",
       " 129.0: (16.47, 96.1),\n",
       " 130.0: (18.47, 98.59),\n",
       " 131.0: (19.52, 102.08),\n",
       " 132.0: (17.58, 102.36),\n",
       " 133.0: (21.02, 105.51),\n",
       " 134.0: (16.28, 107.36),\n",
       " 135.0: (16.04, 108.13),\n",
       " 136.0: (10.45, 106.4),\n",
       " 137.0: (11.33, 104.55),\n",
       " 138.0: (13.45, 100.31),\n",
       " 139.0: (5.25, 100.2),\n",
       " 140.0: (3.1, 101.42),\n",
       " 141.0: (1.17, 103.51),\n",
       " 142.0: (3.35, 98.4),\n",
       " 143.0: (-0.57, 100.21),\n",
       " 144.0: (-2.55, 104.45),\n",
       " 145.0: (-6.1, 106.48),\n",
       " 146.0: (-6.54, 107.36),\n",
       " 147.0: (-7.48, 110.22),\n",
       " 148.0: (-7.15, 112.45),\n",
       " 149.0: (-8.39, 115.13),\n",
       " 150.0: (-10.1, 123.35),\n",
       " 151.0: (-3.2, 114.35),\n",
       " 152.0: (1.33, 110.2),\n",
       " 153.0: (4.56, 114.55),\n",
       " 154.0: (-0.3, 117.09),\n",
       " 155.0: (-5.07, 119.24),\n",
       " 156.0: (1.29, 124.51),\n",
       " 157.0: (-3.43, 128.12),\n",
       " 158.0: (-5.4, 132.45),\n",
       " 159.0: (7.04, 125.36),\n",
       " 160.0: (10.18, 123.54),\n",
       " 161.0: (10.42, 122.34),\n",
       " 162.0: (14.35, 121.0),\n",
       " 163.0: (22.17, 114.09),\n",
       " 164.0: (22.38, 120.17),\n",
       " 165.0: (25.03, 121.3),\n",
       " 166.0: (29.4, 91.09),\n",
       " 167.0: (36.03, 103.41),\n",
       " 168.0: (34.15, 108.52),\n",
       " 169.0: (30.39, 104.04),\n",
       " 170.0: (29.39, 106.34),\n",
       " 171.0: (25.05, 102.4),\n",
       " 172.0: (23.06, 113.16),\n",
       " 173.0: (26.06, 119.17),\n",
       " 174.0: (30.36, 114.17),\n",
       " 175.0: (32.03, 118.47),\n",
       " 176.0: (31.14, 121.28),\n",
       " 177.0: (34.48, 113.39),\n",
       " 178.0: (36.06, 120.19),\n",
       " 179.0: (37.55, 112.3),\n",
       " 180.0: (39.08, 117.12),\n",
       " 181.0: (39.55, 116.25),\n",
       " 182.0: (38.53, 121.35),\n",
       " 183.0: (41.48, 123.27),\n",
       " 184.0: (45.45, 126.41),\n",
       " 185.0: (39.01, 125.45),\n",
       " 186.0: (37.33, 126.58),\n",
       " 187.0: (35.06, 129.03),\n",
       " 188.0: (43.03, 141.21),\n",
       " 189.0: (39.43, 140.07),\n",
       " 190.0: (38.15, 140.53),\n",
       " 191.0: (35.42, 139.46),\n",
       " 192.0: (35.1, 136.55),\n",
       " 193.0: (36.34, 136.39),\n",
       " 194.0: (35.0, 135.45),\n",
       " 195.0: (34.4, 135.3),\n",
       " 196.0: (34.24, 132.27),\n",
       " 197.0: (32.48, 129.55),\n",
       " 198.0: (31.36, 130.33),\n",
       " 199.0: (26.13, 127.4),\n",
       " 200.0: (13.28, 144.47),\n",
       " 201.0: (-2.32, 140.42),\n",
       " 202.0: (-4.12, 152.12),\n",
       " 203.0: (-9.3, 147.1),\n",
       " 204.0: (-12.28, 130.5),\n",
       " 205.0: (-31.56, 115.5),\n",
       " 206.0: (-34.55, 138.35),\n",
       " 207.0: (-37.49, 144.58),\n",
       " 208.0: (-42.53, 147.19),\n",
       " 209.0: (-33.52, 151.13),\n",
       " 210.0: (-27.28, 153.02),\n",
       " 211.0: (-19.16, 146.48),\n",
       " 212.0: (-23.42, 133.53),\n",
       " 213.0: (-45.52, 170.3),\n",
       " 214.0: (-43.32, 172.38),\n",
       " 215.0: (-41.18, 174.47),\n",
       " 216.0: (-36.52, 174.46),\n",
       " 217.0: (-21.08, -175.12),\n",
       " 218.0: (-14.16, -170.42),\n",
       " 219.0: (-18.08, 178.25),\n",
       " 220.0: (-22.16, 166.27),\n",
       " 221.0: (-9.26, 159.57),\n",
       " 222.0: (-0.32, 166.55),\n",
       " 223.0: (11.35, 165.23),\n",
       " 224.0: (21.19, -157.52),\n",
       " 225.0: (1.52, -157.2),\n",
       " 226.0: (-9.45, -139.0),\n",
       " 227.0: (-17.32, -149.34),\n",
       " 228.0: (-25.04, -130.06),\n",
       " 229.0: (-27.07, -109.22)}"
      ]
     },
     "execution_count": 129,
     "metadata": {},
     "output_type": "execute_result"
    }
   ],
   "source": [
    "dic_city_location"
   ]
  },
  {
   "cell_type": "code",
   "execution_count": 130,
   "id": "d710006b",
   "metadata": {
    "ExecuteTime": {
     "end_time": "2021-11-08T14:39:23.276046Z",
     "start_time": "2021-11-08T14:39:23.154797Z"
    }
   },
   "outputs": [
    {
     "data": {
      "text/plain": [
       "{(1, 2): 8.416085788536142,\n",
       " (2, 1): 8.416085788536142,\n",
       " (1, 3): 9.484244830243473,\n",
       " (3, 1): 9.484244830243473,\n",
       " (1, 4): 12.68892824473367,\n",
       " (4, 1): 12.68892824473367,\n",
       " (1, 5): 15.002006532460914,\n",
       " (5, 1): 15.002006532460914,\n",
       " (1, 6): 19.046915760825947,\n",
       " (6, 1): 19.046915760825947,\n",
       " (1, 7): 16.203965564021665,\n",
       " (7, 1): 16.203965564021665,\n",
       " (1, 8): 16.087439199574305,\n",
       " (8, 1): 16.087439199574305,\n",
       " (1, 9): 21.11750221972286,\n",
       " (9, 1): 21.11750221972286,\n",
       " (1, 10): 18.523768515072735,\n",
       " (10, 1): 18.523768515072735,\n",
       " (1, 11): 22.45221815322486,\n",
       " (11, 1): 22.45221815322486,\n",
       " (1, 12): 13.81618254077442,\n",
       " (12, 1): 13.81618254077442,\n",
       " (1, 13): 16.52776149392288,\n",
       " (13, 1): 16.52776149392288,\n",
       " (1, 14): 20.720950750387875,\n",
       " (14, 1): 20.720950750387875,\n",
       " (1, 15): 23.008111613081162,\n",
       " (15, 1): 23.008111613081162,\n",
       " (1, 16): 18.214140111462854,\n",
       " (16, 1): 18.214140111462854,\n",
       " (1, 17): 18.836836252407142,\n",
       " (17, 1): 18.836836252407142,\n",
       " (1, 18): 20.36830135283745,\n",
       " (18, 1): 20.36830135283745,\n",
       " (1, 19): 24.221504907829324,\n",
       " (19, 1): 24.221504907829324,\n",
       " (1, 20): 22.3662804238881,\n",
       " (20, 1): 22.3662804238881,\n",
       " (1, 21): 23.04473041716913,\n",
       " (21, 1): 23.04473041716913,\n",
       " (1, 22): 26.9224311680799,\n",
       " (22, 1): 26.9224311680799,\n",
       " (1, 23): 29.461773537925378,\n",
       " (23, 1): 29.461773537925378,\n",
       " (1, 24): 30.612144648815445,\n",
       " (24, 1): 30.612144648815445,\n",
       " (1, 25): 32.78191727156909,\n",
       " (25, 1): 32.78191727156909,\n",
       " (1, 26): 25.407605160660065,\n",
       " (26, 1): 25.407605160660065,\n",
       " (1, 27): 29.858348916174183,\n",
       " (27, 1): 29.858348916174183,\n",
       " (1, 28): 30.55809221793795,\n",
       " (28, 1): 30.55809221793795,\n",
       " (1, 29): 55.01349379924893,\n",
       " (29, 1): 55.01349379924893,\n",
       " (1, 30): 42.422311346743,\n",
       " (30, 1): 42.422311346743,\n",
       " (1, 31): 51.323713817298916,\n",
       " (31, 1): 51.323713817298916,\n",
       " (1, 32): 60.76435961976395,\n",
       " (32, 1): 60.76435961976395,\n",
       " (1, 33): 44.362697167778244,\n",
       " (33, 1): 44.362697167778244,\n",
       " (1, 34): 50.405111843939004,\n",
       " (34, 1): 50.405111843939004,\n",
       " (1, 35): 45.33256335130411,\n",
       " (35, 1): 45.33256335130411,\n",
       " (1, 36): 44.37383575937515,\n",
       " (36, 1): 44.37383575937515,\n",
       " (1, 37): 46.57400347833543,\n",
       " (37, 1): 46.57400347833543,\n",
       " (1, 38): 59.820565025750135,\n",
       " (38, 1): 59.820565025750135,\n",
       " (1, 39): 73.02012667751269,\n",
       " (39, 1): 73.02012667751269,\n",
       " (1, 40): 76.43017270685708,\n",
       " (40, 1): 76.43017270685708,\n",
       " (1, 41): 81.93878812870007,\n",
       " (41, 1): 81.93878812870007,\n",
       " (1, 42): 96.65545044124516,\n",
       " (42, 1): 96.65545044124516,\n",
       " (1, 43): 144.29911468889892,\n",
       " (43, 1): 144.29911468889892,\n",
       " (1, 44): 126.30336693849455,\n",
       " (44, 1): 126.30336693849455,\n",
       " (1, 45): 117.79296456070709,\n",
       " (45, 1): 117.79296456070709,\n",
       " (1, 46): 96.05082508755456,\n",
       " (46, 1): 96.05082508755456,\n",
       " (1, 47): 105.55611682891713,\n",
       " (47, 1): 105.55611682891713,\n",
       " (1, 48): 104.01219255452699,\n",
       " (48, 1): 104.01219255452699,\n",
       " (1, 49): 111.56073189075087,\n",
       " (49, 1): 111.56073189075087,\n",
       " (1, 50): 101.75190661604333,\n",
       " (50, 1): 101.75190661604333,\n",
       " (1, 51): 27.930016111703196,\n",
       " (51, 1): 27.930016111703196,\n",
       " (1, 52): 30.910038822363195,\n",
       " (52, 1): 30.910038822363195,\n",
       " (1, 53): 29.024839362173907,\n",
       " (53, 1): 29.024839362173907,\n",
       " (1, 54): 30.233838658033484,\n",
       " (54, 1): 30.233838658033484,\n",
       " (1, 55): 29.399282304165176,\n",
       " (55, 1): 29.399282304165176,\n",
       " (1, 56): 30.144241572811218,\n",
       " (56, 1): 30.144241572811218,\n",
       " (1, 57): 31.829687400287174,\n",
       " (57, 1): 31.829687400287174,\n",
       " (1, 58): 31.641773022382928,\n",
       " (58, 1): 31.641773022382928,\n",
       " (1, 59): 32.711681399769105,\n",
       " (59, 1): 32.711681399769105,\n",
       " (1, 60): 34.30690892517133,\n",
       " (60, 1): 34.30690892517133,\n",
       " (1, 61): 35.41857281145021,\n",
       " (61, 1): 35.41857281145021,\n",
       " (1, 62): 35.12214401200473,\n",
       " (62, 1): 35.12214401200473,\n",
       " (1, 63): 37.09501583771059,\n",
       " (63, 1): 37.09501583771059,\n",
       " (1, 64): 36.13265697398961,\n",
       " (64, 1): 36.13265697398961,\n",
       " (1, 65): 36.567194314029614,\n",
       " (65, 1): 36.567194314029614,\n",
       " (1, 66): 37.178790997018716,\n",
       " (66, 1): 37.178790997018716,\n",
       " (1, 67): 44.74713510382536,\n",
       " (67, 1): 44.74713510382536,\n",
       " (1, 68): 47.66805324323619,\n",
       " (68, 1): 47.66805324323619,\n",
       " (1, 69): 47.746305616246374,\n",
       " (69, 1): 47.746305616246374,\n",
       " (1, 70): 54.48639646737522,\n",
       " (70, 1): 54.48639646737522,\n",
       " (1, 71): 54.931233374101474,\n",
       " (71, 1): 54.931233374101474,\n",
       " (1, 72): 57.41308039114431,\n",
       " (72, 1): 57.41308039114431,\n",
       " (1, 73): 56.57833949489857,\n",
       " (73, 1): 56.57833949489857,\n",
       " (1, 74): 51.80766449088397,\n",
       " (74, 1): 51.80766449088397,\n",
       " (1, 75): 48.716495153079315,\n",
       " (75, 1): 48.716495153079315,\n",
       " (1, 76): 47.097993587837685,\n",
       " (76, 1): 47.097993587837685,\n",
       " (1, 77): 45.83985711147015,\n",
       " (77, 1): 45.83985711147015,\n",
       " (1, 78): 46.18077955167063,\n",
       " (78, 1): 46.18077955167063,\n",
       " (1, 79): 41.97851831591963,\n",
       " (79, 1): 41.97851831591963,\n",
       " (1, 80): 40.90592622102573,\n",
       " (80, 1): 40.90592622102573,\n",
       " (1, 81): 37.10090160629523,\n",
       " (81, 1): 37.10090160629523,\n",
       " (1, 82): 35.142608042090444,\n",
       " (82, 1): 35.142608042090444,\n",
       " (1, 83): 33.897865714525445,\n",
       " (83, 1): 33.897865714525445,\n",
       " (1, 84): 33.2336847189715,\n",
       " (84, 1): 33.2336847189715,\n",
       " (1, 85): 35.401023996489144,\n",
       " (85, 1): 35.401023996489144,\n",
       " (1, 86): 37.848599709896796,\n",
       " (86, 1): 37.848599709896796,\n",
       " (1, 87): 37.1267046746678,\n",
       " (87, 1): 37.1267046746678,\n",
       " (1, 88): 41.2472605150936,\n",
       " (88, 1): 41.2472605150936,\n",
       " (1, 89): 40.55836905004934,\n",
       " (89, 1): 40.55836905004934,\n",
       " (1, 90): 43.698298593881205,\n",
       " (90, 1): 43.698298593881205,\n",
       " (1, 91): 45.29158972701223,\n",
       " (91, 1): 45.29158972701223,\n",
       " (1, 92): 41.736987193615214,\n",
       " (92, 1): 41.736987193615214,\n",
       " (1, 93): 45.02276424210312,\n",
       " (93, 1): 45.02276424210312,\n",
       " (1, 94): 49.27849530982049,\n",
       " (94, 1): 49.27849530982049,\n",
       " (1, 95): 49.75417369427414,\n",
       " (95, 1): 49.75417369427414,\n",
       " (1, 96): 53.288352385863845,\n",
       " (96, 1): 53.288352385863845,\n",
       " (1, 97): 55.477471103142406,\n",
       " (97, 1): 55.477471103142406,\n",
       " (1, 98): 54.71315106992102,\n",
       " (98, 1): 54.71315106992102,\n",
       " (1, 99): 54.242404998303684,\n",
       " (99, 1): 54.242404998303684,\n",
       " (1, 100): 51.30081968156064,\n",
       " (100, 1): 51.30081968156064,\n",
       " (1, 101): 54.33476327361701,\n",
       " (101, 1): 54.33476327361701,\n",
       " (1, 102): 55.83026508982382,\n",
       " (102, 1): 55.83026508982382,\n",
       " (1, 103): 55.641028027886044,\n",
       " (103, 1): 55.641028027886044,\n",
       " (1, 104): 59.12776843412915,\n",
       " (104, 1): 59.12776843412915,\n",
       " (1, 105): 59.64460411470596,\n",
       " (105, 1): 59.64460411470596,\n",
       " (1, 106): 58.27700232510248,\n",
       " (106, 1): 58.27700232510248,\n",
       " (1, 107): 59.73001339360305,\n",
       " (107, 1): 59.73001339360305,\n",
       " (1, 108): 63.351050504312866,\n",
       " (108, 1): 63.351050504312866,\n",
       " (1, 109): 66.15759140113855,\n",
       " (109, 1): 66.15759140113855,\n",
       " (1, 110): 67.6317144540932,\n",
       " (110, 1): 67.6317144540932,\n",
       " (1, 111): 71.99803122308276,\n",
       " (111, 1): 71.99803122308276,\n",
       " (1, 112): 60.18119307557803,\n",
       " (112, 1): 60.18119307557803,\n",
       " (1, 113): 66.12276612483782,\n",
       " (113, 1): 66.12276612483782,\n",
       " (1, 114): 71.28787344282335,\n",
       " (114, 1): 71.28787344282335,\n",
       " (1, 115): 63.68910817400413,\n",
       " (115, 1): 63.68910817400413,\n",
       " (1, 116): 68.43595619263313,\n",
       " (116, 1): 68.43595619263313,\n",
       " (1, 117): 71.62654884887307,\n",
       " (117, 1): 71.62654884887307,\n",
       " (1, 118): 67.94526767921369,\n",
       " (118, 1): 67.94526767921369,\n",
       " (1, 119): 71.39586892811096,\n",
       " (119, 1): 71.39586892811096,\n",
       " (1, 120): 72.8277096989875,\n",
       " (120, 1): 72.8277096989875,\n",
       " (1, 121): 73.70195180590538,\n",
       " (121, 1): 73.70195180590538,\n",
       " (1, 122): 74.23045736084346,\n",
       " (122, 1): 74.23045736084346,\n",
       " (1, 123): 77.49201249161104,\n",
       " (123, 1): 77.49201249161104,\n",
       " (1, 124): 66.4221506727989,\n",
       " (124, 1): 66.4221506727989,\n",
       " (1, 125): 69.856177965875,\n",
       " (125, 1): 69.856177965875,\n",
       " (1, 126): 72.8722340813015,\n",
       " (126, 1): 72.8722340813015,\n",
       " (1, 127): 74.61572823473614,\n",
       " (127, 1): 74.61572823473614,\n",
       " (1, 128): 78.34983343951664,\n",
       " (128, 1): 78.34983343951664,\n",
       " (1, 129): 81.79703295352466,\n",
       " (129, 1): 81.79703295352466,\n",
       " (1, 130): 82.50153756142973,\n",
       " (130, 1): 82.50153756142973,\n",
       " (1, 131): 84.68780608800773,\n",
       " (131, 1): 84.68780608800773,\n",
       " (1, 132): 86.0515897587023,\n",
       " (132, 1): 86.0515897587023,\n",
       " (1, 133): 86.67413224255552,\n",
       " (133, 1): 86.67413224255552,\n",
       " (1, 134): 90.86950038379214,\n",
       " (134, 1): 90.86950038379214,\n",
       " (1, 135): 91.63764510287243,\n",
       " (135, 1): 91.63764510287243,\n",
       " (1, 136): 93.59123570078557,\n",
       " (136, 1): 93.59123570078557,\n",
       " (1, 137): 91.59591966894595,\n",
       " (137, 1): 91.59591966894595,\n",
       " (1, 138): 86.96680113698561,\n",
       " (138, 1): 86.96680113698561,\n",
       " (1, 139): 92.30282444215887,\n",
       " (139, 1): 92.30282444215887,\n",
       " (1, 140): 94.6683014530207,\n",
       " (140, 1): 94.6683014530207,\n",
       " (1, 141): 97.51266430571981,\n",
       " (141, 1): 97.51266430571981,\n",
       " (1, 142): 92.33404247621785,\n",
       " (142, 1): 92.33404247621785,\n",
       " (1, 143): 96.39599628615288,\n",
       " (143, 1): 96.39599628615288,\n",
       " (1, 144): 100.78411035475781,\n",
       " (144, 1): 100.78411035475781,\n",
       " (1, 145): 104.73331513897571,\n",
       " (145, 1): 104.73331513897571,\n",
       " (1, 146): 105.66451864273078,\n",
       " (146, 1): 105.66451864273078,\n",
       " (1, 147): 108.3528149149804,\n",
       " (147, 1): 108.3528149149804,\n",
       " (1, 148): 109.72416734703435,\n",
       " (148, 1): 109.72416734703435,\n",
       " (1, 149): 112.52336335179464,\n",
       " (149, 1): 112.52336335179464,\n",
       " (1, 150): 119.76907948214347,\n",
       " (150, 1): 119.76907948214347,\n",
       " (1, 151): 108.45302393202321,\n",
       " (151, 1): 108.45302393202321,\n",
       " (1, 152): 102.34590856502277,\n",
       " (152, 1): 102.34590856502277,\n",
       " (1, 153): 103.63788110531785,\n",
       " (153, 1): 103.63788110531785,\n",
       " (1, 154): 108.66083010910602,\n",
       " (154, 1): 108.66083010910602,\n",
       " (1, 155): 113.37124238535979,\n",
       " (155, 1): 113.37124238535979,\n",
       " (1, 156): 113.54679960263081,\n",
       " (156, 1): 113.54679960263081,\n",
       " (1, 157): 119.26334306902521,\n",
       " (157, 1): 119.26334306902521,\n",
       " (1, 158): 123.90883907131081,\n",
       " (158, 1): 123.90883907131081,\n",
       " (1, 159): 110.94281274602695,\n",
       " (159, 1): 110.94281274602695,\n",
       " (1, 160): 107.69865412343833,\n",
       " (160, 1): 107.69865412343833,\n",
       " (1, 161): 106.56120166364492,\n",
       " (161, 1): 106.56120166364492,\n",
       " (1, 162): 103.32519247502034,\n",
       " (162, 1): 103.32519247502034,\n",
       " (1, 163): 93.38827388917734,\n",
       " (163, 1): 93.38827388917734,\n",
       " (1, 164): 98.61203983287234,\n",
       " (164, 1): 98.61203983287234,\n",
       " (1, 165): 98.41069555693629,\n",
       " (165, 1): 98.41069555693629,\n",
       " (1, 166): 70.02652354643918,\n",
       " (166, 1): 70.02652354643918,\n",
       " (1, 167): 77.52439680513483,\n",
       " (167, 1): 77.52439680513483,\n",
       " (1, 168): 82.95267204858443,\n",
       " (168, 1): 82.95267204858443,\n",
       " (1, 169): 80.61052164575044,\n",
       " (169, 1): 80.61052164575044,\n",
       " (1, 170): 83.11004873058373,\n",
       " (170, 1): 83.11004873058373,\n",
       " (1, 171): 81.87968856804477,\n",
       " (171, 1): 81.87968856804477,\n",
       " (1, 172): 92.1394730829301,\n",
       " (172, 1): 92.1394730829301,\n",
       " (1, 173): 96.04480621043493,\n",
       " (173, 1): 96.04480621043493,\n",
       " (1, 174): 89.67286546107468,\n",
       " (174, 1): 89.67286546107468,\n",
       " (1, 175): 92.91113442424434,\n",
       " (175, 1): 92.91113442424434,\n",
       " (1, 176): 95.84511724652435,\n",
       " (176, 1): 95.84511724652435,\n",
       " (1, 177): 87.2772914336828,\n",
       " (177, 1): 87.2772914336828,\n",
       " (1, 178): 93.0103757652876,\n",
       " (178, 1): 93.0103757652876,\n",
       " (1, 179): 85.10830394268235,\n",
       " (179, 1): 85.10830394268235,\n",
       " (1, 180): 89.0955380476486,\n",
       " (180, 1): 89.0955380476486,\n",
       " (1, 181): 88.11912902429302,\n",
       " (181, 1): 88.11912902429302,\n",
       " (1, 182): 93.27321426862055,\n",
       " (182, 1): 93.27321426862055,\n",
       " (1, 183): 94.20222078061641,\n",
       " (183, 1): 94.20222078061641,\n",
       " (1, 184): 96.1825685870366,\n",
       " (184, 1): 96.1825685870366,\n",
       " (1, 185): 97.01620947037665,\n",
       " (185, 1): 97.01620947037665,\n",
       " (1, 186): 98.61249109519544,\n",
       " (186, 1): 98.61249109519544,\n",
       " (1, 187): 101.66489462936555,\n",
       " (187, 1): 101.66489462936555,\n",
       " (1, 188): 111.13679903614285,\n",
       " (188, 1): 111.13679903614285,\n",
       " (1, 189): 110.9189023566317,\n",
       " (189, 1): 110.9189023566317,\n",
       " (1, 190): 111.70467895303223,\n",
       " (190, 1): 111.70467895303223,\n",
       " (1, 191): 111.45704867795487,\n",
       " (191, 1): 111.45704867795487,\n",
       " (1, 192): 108.78033094268469,\n",
       " (192, 1): 108.78033094268469,\n",
       " (1, 193): 108.25235886575405,\n",
       " (193, 1): 108.25235886575405,\n",
       " (1, 194): 107.76537662904536,\n",
       " (194, 1): 107.76537662904536,\n",
       " (1, 195): 107.81157127136217,\n",
       " (195, 1): 107.81157127136217,\n",
       " (1, 196): 104.99449509379052,\n",
       " (196, 1): 104.99449509379052,\n",
       " (1, 197): 103.03135445096315,\n",
       " (197, 1): 103.03135445096315,\n",
       " (1, 198): 104.15722154512382,\n",
       " (198, 1): 104.15722154512382,\n",
       " (1, 199): 103.45977479194512,\n",
       " (199, 1): 103.45977479194512,\n",
       " (1, 200): 124.38853001784369,\n",
       " (200, 1): 124.38853001784369,\n",
       " (1, 201): 128.66672802243787,\n",
       " (201, 1): 128.66672802243787,\n",
       " (1, 202): 139.50969464521094,\n",
       " (202, 1): 139.50969464521094,\n",
       " (1, 203): 138.10393513582443,\n",
       " (203, 1): 138.10393513582443,\n",
       " (1, 204): 126.62875700250714,\n",
       " (204, 1): 126.62875700250714,\n",
       " (1, 205): 129.7151575568561,\n",
       " (205, 1): 129.7151575568561,\n",
       " (1, 206): 147.3902537483398,\n",
       " (206, 1): 147.3902537483398,\n",
       " (1, 207): 153.91486542891172,\n",
       " (207, 1): 153.91486542891172,\n",
       " (1, 208): 159.2902121914589,\n",
       " (208, 1): 159.2902121914589,\n",
       " (1, 209): 156.10027674543053,\n",
       " (209, 1): 156.10027674543053,\n",
       " (1, 210): 153.56412504227674,\n",
       " (210, 1): 153.56412504227674,\n",
       " (1, 211): 143.40387895730015,\n",
       " (211, 1): 143.40387895730015,\n",
       " (1, 212): 136.23593652190306,\n",
       " (212, 1): 136.23593652190306,\n",
       " (1, 213): 178.4835356552531,\n",
       " (213, 1): 178.4835356552531,\n",
       " (1, 214): 178.70215135806282,\n",
       " (214, 1): 178.70215135806282,\n",
       " (1, 215): 179.01640706929632,\n",
       " (215, 1): 179.01640706929632,\n",
       " (1, 216): 176.1896651339119,\n",
       " (216, 1): 176.1896651339119,\n",
       " (1, 217): 226.65759307819363,\n",
       " (217, 1): 226.65759307819363,\n",
       " (1, 218): 219.64960391496268,\n",
       " (218, 1): 219.64960391496268,\n",
       " (1, 219): 169.0946350420379,\n",
       " (219, 1): 169.0946350420379,\n",
       " (1, 220): 161.18720792916542,\n",
       " (220, 1): 161.18720792916542,\n",
       " (1, 221): 148.54755467526215,\n",
       " (221, 1): 148.54755467526215,\n",
       " (1, 222): 150.23135491634227,\n",
       " (222, 1): 150.23135491634227,\n",
       " (1, 223): 144.03758294278614,\n",
       " (223, 1): 144.03758294278614,\n",
       " (1, 224): 196.37397230794105,\n",
       " (224, 1): 196.37397230794105,\n",
       " (1, 225): 201.72284476479106,\n",
       " (225, 1): 201.72284476479106,\n",
       " (1, 226): 188.91766301751673,\n",
       " (226, 1): 188.91766301751673,\n",
       " (1, 227): 201.60585829781832,\n",
       " (227, 1): 201.60585829781832,\n",
       " (1, 228): 188.06801030478312,\n",
       " (228, 1): 188.06801030478312,\n",
       " (1, 229): 171.43417220612696,\n",
       " (229, 1): 171.43417220612696,\n",
       " (2, 3): 11.24157462280085,\n",
       " (3, 2): 11.24157462280085,\n",
       " (2, 4): 16.6662833289249,\n",
       " (4, 2): 16.6662833289249,\n",
       " (2, 5): 18.021112618259732,\n",
       " (5, 2): 18.021112618259732,\n",
       " (2, 6): 22.338498159007916,\n",
       " (6, 2): 22.338498159007916,\n",
       " (2, 7): 18.097563371901757,\n",
       " (7, 2): 18.097563371901757,\n",
       " (2, 8): 16.885508579844437,\n",
       " (8, 2): 16.885508579844437,\n",
       " (2, 9): 22.058286424833643,\n",
       " (9, 2): 22.058286424833643,\n",
       " (2, 10): 17.27560418625063,\n",
       " (10, 2): 17.27560418625063,\n",
       " (2, 11): 20.585868939639155,\n",
       " (11, 2): 20.585868939639155,\n",
       " (2, 12): 9.372993118529427,\n",
       " (12, 2): 9.372993118529427,\n",
       " (2, 13): 8.933196516365237,\n",
       " (13, 2): 8.933196516365237,\n",
       " (2, 14): 12.480773213226815,\n",
       " (14, 2): 12.480773213226815,\n",
       " (2, 15): 14.877543480023851,\n",
       " (15, 2): 14.877543480023851,\n",
       " (2, 16): 12.997384352245652,\n",
       " (16, 2): 12.997384352245652,\n",
       " (2, 17): 14.934004821212564,\n",
       " (17, 2): 14.934004821212564,\n",
       " (2, 18): 17.061002315221696,\n",
       " (18, 2): 17.061002315221696,\n",
       " (2, 19): 21.170743964254072,\n",
       " (19, 2): 21.170743964254072,\n",
       " (2, 20): 17.22353041626484,\n",
       " (20, 2): 17.22353041626484,\n",
       " (2, 21): 16.378488941291263,\n",
       " (21, 2): 16.378488941291263,\n",
       " (2, 22): 19.701294373720728,\n",
       " (22, 2): 19.701294373720728,\n",
       " (2, 23): 23.286412347117796,\n",
       " (23, 2): 23.286412347117796,\n",
       " (2, 24): 24.55470016106896,\n",
       " (24, 2): 24.55470016106896,\n",
       " (2, 25): 25.802096814018824,\n",
       " (25, 2): 25.802096814018824,\n",
       " (2, 26): 17.05240452252995,\n",
       " (26, 2): 17.05240452252995,\n",
       " (2, 27): 21.51535498196579,\n",
       " (27, 2): 21.51535498196579,\n",
       " (2, 28): 23.44381581569007,\n",
       " (28, 2): 23.44381581569007,\n",
       " (2, 29): 47.98673983508361,\n",
       " (29, 2): 47.98673983508361,\n",
       " (2, 30): 34.21932202718224,\n",
       " (30, 2): 34.21932202718224,\n",
       " (2, 31): 43.24621717560971,\n",
       " (31, 2): 43.24621717560971,\n",
       " (2, 32): 52.84071630854373,\n",
       " (32, 2): 52.84071630854373,\n",
       " (2, 33): 35.982690282968,\n",
       " (33, 2): 35.982690282968,\n",
       " (2, 34): 41.98902951962572,\n",
       " (34, 2): 41.98902951962572,\n",
       " (2, 35): 36.99133952697577,\n",
       " (35, 2): 36.99133952697577,\n",
       " (2, 36): 36.14345307244454,\n",
       " (36, 2): 36.14345307244454,\n",
       " (2, 37): 38.320564974958295,\n",
       " (37, 2): 38.320564974958295,\n",
       " (2, 38): 51.44862000092908,\n",
       " (38, 2): 51.44862000092908,\n",
       " (2, 39): 65.03081423448425,\n",
       " (39, 2): 65.03081423448425,\n",
       " (2, 40): 68.30569668775806,\n",
       " (40, 2): 68.30569668775806,\n",
       " (2, 41): 74.01092149135827,\n",
       " (41, 2): 74.01092149135827,\n",
       " (2, 42): 89.19738224858398,\n",
       " (42, 2): 89.19738224858398,\n",
       " (2, 43): 136.97004417024914,\n",
       " (43, 2): 136.97004417024914,\n",
       " (2, 44): 118.61236782056076,\n",
       " (44, 2): 118.61236782056076,\n",
       " (2, 45): 110.27341293349001,\n",
       " (45, 2): 110.27341293349001,\n",
       " (2, 46): 88.14640605265764,\n",
       " (46, 2): 88.14640605265764,\n",
       " (2, 47): 97.7067556517972,\n",
       " (47, 2): 97.7067556517972,\n",
       " (2, 48): 96.09324898243374,\n",
       " (48, 2): 96.09324898243374,\n",
       " (2, 49): 103.63313948732808,\n",
       " (49, 2): 103.63313948732808,\n",
       " (2, 50): 93.67964133150811,\n",
       " (50, 2): 93.67964133150811,\n",
       " (2, 51): 26.117360126934734,\n",
       " (51, 2): 26.117360126934734,\n",
       " (2, 52): 29.25270927623628,\n",
       " (52, 2): 29.25270927623628,\n",
       " (2, 53): 25.978614281751057,\n",
       " (53, 2): 25.978614281751057,\n",
       " (2, 54): 26.391826386212838,\n",
       " (54, 2): 26.391826386212838,\n",
       " (2, 55): 25.10780954205285,\n",
       " (55, 2): 25.10780954205285,\n",
       " (2, 56): 24.804568127665522,\n",
       " (56, 2): 24.804568127665522,\n",
       " (2, 57): 26.790604696422967,\n",
       " (57, 2): 26.790604696422967,\n",
       " (2, 58): 27.809144179567994,\n",
       " (58, 2): 27.809144179567994,\n",
       " (2, 59): 28.403112505498413,\n",
       " (59, 2): 28.403112505498413,\n",
       " (2, 60): 30.151983351016902,\n",
       " (60, 2): 30.151983351016902,\n",
       " (2, 61): 31.3148718662555,\n",
       " (61, 2): 31.3148718662555,\n",
       " (2, 62): 31.21628581365823,\n",
       " (62, 2): 31.21628581365823,\n",
       " (2, 63): 33.11390191445279,\n",
       " (63, 2): 33.11390191445279,\n",
       " (2, 64): 32.28138782642407,\n",
       " (64, 2): 32.28138782642407,\n",
       " (2, 65): 32.827269152337365,\n",
       " (65, 2): 32.827269152337365,\n",
       " (2, 66): 33.28553439558993,\n",
       " (66, 2): 33.28553439558993,\n",
       " (2, 67): 40.07150109491782,\n",
       " (67, 2): 40.07150109491782,\n",
       " (2, 68): 43.05672537478902,\n",
       " (68, 2): 43.05672537478902,\n",
       " (2, 69): 43.07799670365372,\n",
       " (69, 2): 43.07799670365372,\n",
       " (2, 70): 49.256797500446574,\n",
       " (70, 2): 49.256797500446574,\n",
       " (2, 71): 49.91074132889633,\n",
       " (71, 2): 49.91074132889633,\n",
       " (2, 72): 52.11153519135662,\n",
       " (72, 2): 52.11153519135662,\n",
       " (2, 73): 50.781276076916384,\n",
       " (73, 2): 50.781276076916384,\n",
       " (2, 74): 44.76183418940739,\n",
       " (74, 2): 44.76183418940739,\n",
       " (2, 75): 41.884665451690076,\n",
       " (75, 2): 41.884665451690076,\n",
       " (2, 76): 40.68524179601247,\n",
       " (76, 2): 40.68524179601247,\n",
       " (2, 77): 39.50449341530658,\n",
       " (77, 2): 39.50449341530658,\n",
       " (2, 78): 40.424419600038796,\n",
       " (78, 2): 40.424419600038796,\n",
       " (2, 79): 35.88415388440976,\n",
       " (79, 2): 35.88415388440976,\n",
       " (2, 80): 34.782813284724405,\n",
       " (80, 2): 34.782813284724405,\n",
       " (2, 81): 31.377090368611302,\n",
       " (81, 2): 31.377090368611302,\n",
       " (2, 82): 29.328573098601304,\n",
       " (82, 2): 29.328573098601304,\n",
       " (2, 83): 28.27502785144517,\n",
       " (83, 2): 28.27502785144517,\n",
       " (2, 84): 26.935175885818907,\n",
       " (84, 2): 26.935175885818907,\n",
       " (2, 85): 28.643917329862553,\n",
       " (85, 2): 28.643917329862553,\n",
       " (2, 86): 30.938765327659738,\n",
       " (86, 2): 30.938765327659738,\n",
       " (2, 87): 30.889818711025164,\n",
       " (87, 2): 30.889818711025164,\n",
       " (2, 88): 35.02863400134239,\n",
       " (88, 2): 35.02863400134239,\n",
       " (2, 89): 33.800698217640424,\n",
       " (89, 2): 33.800698217640424,\n",
       " (2, 90): 36.98108164994637,\n",
       " (90, 2): 36.98108164994637,\n",
       " (2, 91): 38.0457855747519,\n",
       " (91, 2): 38.0457855747519,\n",
       " (2, 92): 33.9927521686609,\n",
       " (92, 2): 33.9927521686609,\n",
       " (2, 93): 37.197575189788914,\n",
       " (93, 2): 37.197575189788914,\n",
       " (2, 94): 41.40435725862678,\n",
       " (94, 2): 41.40435725862678,\n",
       " (2, 95): 41.6081830893876,\n",
       " (95, 2): 41.6081830893876,\n",
       " (2, 96): 45.05950288229998,\n",
       " (96, 2): 45.05950288229998,\n",
       " (2, 97): 47.274091212840894,\n",
       " (97, 2): 47.274091212840894,\n",
       " (2, 98): 46.542464481374424,\n",
       " (98, 2): 46.542464481374424,\n",
       " (2, 99): 46.160955362730526,\n",
       " (99, 2): 46.160955362730526,\n",
       " (2, 100): 43.39159826510197,\n",
       " (100, 2): 43.39159826510197,\n",
       " (2, 101): 46.457791596243574,\n",
       " (101, 2): 46.457791596243574,\n",
       " (2, 102): 48.0498116541574,\n",
       " (102, 2): 48.0498116541574,\n",
       " (2, 103): 47.94847755664408,\n",
       " (103, 2): 47.94847755664408,\n",
       " (2, 104): 50.867597741587915,\n",
       " (104, 2): 50.867597741587915,\n",
       " (2, 105): 51.44569661303072,\n",
       " (105, 2): 51.44569661303072,\n",
       " (2, 106): 50.261704109590234,\n",
       " (106, 2): 50.261704109590234,\n",
       " (2, 107): 51.62376390771986,\n",
       " (107, 2): 51.62376390771986,\n",
       " (2, 108): 55.13416091680366,\n",
       " (108, 2): 55.13416091680366,\n",
       " (2, 109): 57.90960196720402,\n",
       " (109, 2): 57.90960196720402,\n",
       " (2, 110): 59.34646493263099,\n",
       " (110, 2): 59.34646493263099,\n",
       " (2, 111): 63.71883865859452,\n",
       " (111, 2): 63.71883865859452,\n",
